
strategic_region={
	id=206
	name="STRATEGICREGION_206"
	provinces={
		602 605 722 749 761 763 774 777 779 1299 1712 1769 1782 1848 1873 2947 3605 3608 3635 3640 3661 3691 3721 3736 3763 3775 4218 4270 4426 4753 4775 4784 4790 4869 4872 4875 5119 5239 6510 6607 6610 6625 6630 6662 6676 6728 6797 7185 7366 7782 7794 7813 7899 8962 9467 9480 9580 9583 9585 9615 9634 9667 9711 9740 9743 10585 10605 10621 10718 10721 11567 11569 11571 11585 11602 11695 11725 11728 12145 12278 12582 12636 12688 12701 13094 13159 13161 13163 13182 13188 13190 13191 13201 
	}
	weather={
	}
}
