
strategic_region={
	id=237
	name="STRATEGICREGION_237"
	provinces={
		664 675 681 725 739 753 837 957 1267 1325 1343 1397 1504 1772 1805 1807 1842 3664 3695 3723 3739 3753 3756 3787 3811 3963 3977 4246 4290 4404 4701 4805 4810 4841 4844 4881 6684 6686 6715 6774 6833 6838 6961 6989 7249 7266 7309 7616 7748 7772 7868 7871 9589 9604 9639 9641 9659 9733 9749 9762 9895 9926 10466 10571 10572 10577 10590 10598 11575 11624 11626 11629 11643 11719 11745 11750 11765 11777 11879 11904 12136 12189 12192 12261 12263 12518 12551 12559 12569 12638 12650 
	}
	weather={
	}
}
